# Data file

#PARAMETERS
param p:= 8;    	# number of predictor variables
param n := 500;  	# number of training points

#X data 
param X: 1 2 3 4 5 6 7 8 
:=
1	0.905989981	-0.950301104	-0.561585514	-0.655453201	0.999348746	0.446922346	0.117286699	-1.168631294
2	-1.362924058	1.552931072	1.123171028	0.971878885	-0.999348746	0.446922346	1.243239004	0.765654986
3	-0.984771718	0.996657255	0	0.971878885	-0.999348746	-0.446922346	-1.008665607	-0.523869201
4	0.244223386	-0.394027287	0.561585514	-0.655453201	0.999348746	0.446922346	1.243239004	-1.168631294
5	-0.701157463	0.718520347	-0.561585514	0.971878885	-0.999348746	1.340767038	-1.008665607	0.120892893
6	0.905989981	-0.950301104	-0.561585514	-0.655453201	0.999348746	-1.340767038	-1.008665607	-1.168631294
7	1.284142321	-1.228438012	0	-1.19789723	0.999348746	-1.340767038	-1.008665607	-1.168631294
8	-1.362924058	1.552931072	1.123171028	0.971878885	-0.999348746	0.446922346	0.117286699	-0.523869201
9	-1.173847888	1.274794164	0.561585514	0.971878885	-0.999348746	-1.340767038	-1.759300478	-1.813393388
10	2.040447	-1.784711829	-0.561585514	-1.469119244	0.999348746	0.446922346	0.117286699	1.410417079
11	0.905989981	-0.950301104	-0.561585514	-0.655453201	0.999348746	0.446922346	0.117286699	-0.523869201
12	2.040447	-1.784711829	-0.561585514	-1.469119244	0.999348746	0.446922346	1.243239004	1.410417079
13	1.284142321	-1.228438012	0	-1.19789723	0.999348746	-1.340767038	1.243239004	-1.168631294
14	-1.362924058	1.552931072	1.123171028	0.971878885	-0.999348746	-0.446922346	0.117286699	0.765654986
15	0.244223386	-0.394027287	0.561585514	-0.655453201	0.999348746	1.340767038	-1.008665607	-0.523869201
16	0.244223386	-0.394027287	0.561585514	-0.655453201	0.999348746	-0.446922346	0.117286699	1.410417079
17	1.284142321	-1.228438012	0	-1.19789723	0.999348746	0.446922346	0.117286699	1.410417079
18	-0.701157463	0.718520347	-0.561585514	0.971878885	-0.999348746	-0.446922346	-1.008665607	-1.168631294
19	1.284142321	-1.228438012	0	-1.19789723	0.999348746	1.340767038	-1.008665607	1.410417079
20	-1.173847888	1.274794164	0.561585514	0.971878885	-0.999348746	-0.446922346	0.117286699	0.120892893
21	1.284142321	-1.228438012	0	-1.19789723	0.999348746	-0.446922346	-1.008665607	-1.168631294
22	2.040447	-1.784711829	-0.561585514	-1.469119244	0.999348746	1.340767038	0.117286699	0.120892893
23	-1.362924058	1.552931072	1.123171028	0.971878885	-0.999348746	-0.446922346	-1.008665607	-0.523869201
24	1.284142321	-1.228438012	0	-1.19789723	0.999348746	-0.446922346	1.243239004	1.410417079
25	-0.228467039	0.16224653	-1.684756542	0.971878885	-0.999348746	0.446922346	-1.008665607	-0.523869201
26	0.905989981	-0.950301104	-0.561585514	-0.655453201	0.999348746	-0.446922346	0.117286699	-1.168631294
27	-1.362924058	1.552931072	1.123171028	0.971878885	-0.999348746	0.446922346	1.243239004	1.410417079
28	-1.173847888	1.274794164	0.561585514	0.971878885	-0.999348746	1.340767038	1.243239004	0.120892893
29	-0.701157463	0.718520347	-0.561585514	0.971878885	-0.999348746	-1.340767038	1.243239004	-0.523869201
30	0.905989981	-0.950301104	-0.561585514	-0.655453201	0.999348746	-1.340767038	-1.008665607	-0.523869201
31	-0.984771718	0.996657255	0	0.971878885	-0.999348746	-1.340767038	-1.008665607	0.765654986
32	1.284142321	-1.228438012	0	-1.19789723	0.999348746	1.340767038	1.243239004	-0.523869201
33	-0.701157463	0.718520347	-0.561585514	0.971878885	-0.999348746	-0.446922346	1.243239004	-1.168631294
34	-0.984771718	0.996657255	0	0.971878885	-0.999348746	1.340767038	-1.008665607	-1.168631294
35	-0.039390869	-0.115890379	2.246342056	-1.19789723	0.999348746	1.340767038	-1.759300478	-1.813393388
36	-1.173847888	1.274794164	0.561585514	0.971878885	-0.999348746	-0.446922346	1.243239004	0.120892893
37	0.527837641	-0.672164195	0	-0.655453201	0.999348746	-1.340767038	-1.008665607	-0.523869201
38	0.905989981	-0.950301104	-0.561585514	-0.655453201	0.999348746	-1.340767038	1.243239004	0.120892893
39	-1.173847888	1.274794164	0.561585514	0.971878885	-0.999348746	-0.446922346	-1.759300478	-1.813393388
40	0.905989981	-0.950301104	-0.561585514	-0.655453201	0.999348746	-1.340767038	0.117286699	-1.168631294
41	-0.984771718	0.996657255	0	0.971878885	-0.999348746	1.340767038	1.243239004	1.410417079
42	0.527837641	-0.672164195	0	-0.655453201	0.999348746	0.446922346	-1.008665607	0.765654986
43	-0.512081293	0.440383438	-1.123171028	0.971878885	-0.999348746	-1.340767038	-1.008665607	0.765654986
44	-0.701157463	0.718520347	-0.561585514	0.971878885	-0.999348746	1.340767038	0.117286699	0.765654986
45	0.527837641	-0.672164195	0	-0.655453201	0.999348746	-0.446922346	0.117286699	0.765654986
46	2.040447	-1.784711829	-0.561585514	-1.469119244	0.999348746	0.446922346	1.243239004	0.765654986
47	1.284142321	-1.228438012	0	-1.19789723	0.999348746	0.446922346	-1.008665607	0.120892893
48	-0.228467039	0.16224653	-1.684756542	0.971878885	-0.999348746	-0.446922346	1.243239004	-0.523869201
49	-0.512081293	0.440383438	-1.123171028	0.971878885	-0.999348746	-0.446922346	1.243239004	-1.168631294
50	2.040447	-1.784711829	-0.561585514	-1.469119244	0.999348746	0.446922346	1.243239004	-0.523869201
51	-0.512081293	0.440383438	-1.123171028	0.971878885	-0.999348746	1.340767038	-1.008665607	-0.523869201
52	0.244223386	-0.394027287	0.561585514	-0.655453201	0.999348746	-0.446922346	0.117286699	0.765654986
53	0.244223386	-0.394027287	0.561585514	-0.655453201	0.999348746	-0.446922346	1.243239004	0.765654986
54	0.244223386	-0.394027287	0.561585514	-0.655453201	0.999348746	0.446922346	1.243239004	0.765654986
55	0.244223386	-0.394027287	0.561585514	-0.655453201	0.999348746	-0.446922346	-1.759300478	-1.813393388
56	2.040447	-1.784711829	-0.561585514	-1.469119244	0.999348746	-0.446922346	-1.008665607	0.765654986
57	-0.701157463	0.718520347	-0.561585514	0.971878885	-0.999348746	-1.340767038	-1.008665607	-1.168631294
58	-0.512081293	0.440383438	-1.123171028	0.971878885	-0.999348746	0.446922346	-1.008665607	1.410417079
59	-1.173847888	1.274794164	0.561585514	0.971878885	-0.999348746	-1.340767038	-1.008665607	0.120892893
60	-0.512081293	0.440383438	-1.123171028	0.971878885	-0.999348746	0.446922346	0.117286699	0.120892893
61	0.905989981	-0.950301104	-0.561585514	-0.655453201	0.999348746	0.446922346	-1.008665607	0.120892893
62	-0.512081293	0.440383438	-1.123171028	0.971878885	-0.999348746	-0.446922346	-1.008665607	0.120892893
63	0.905989981	-0.950301104	-0.561585514	-0.655453201	0.999348746	-1.340767038	1.243239004	-1.168631294
64	-0.512081293	0.440383438	-1.123171028	0.971878885	-0.999348746	-0.446922346	-1.008665607	-1.168631294
65	-0.701157463	0.718520347	-0.561585514	0.971878885	-0.999348746	1.340767038	1.243239004	1.410417079
66	-0.701157463	0.718520347	-0.561585514	0.971878885	-0.999348746	1.340767038	-1.008665607	-1.168631294
67	-0.039390869	-0.115890379	2.246342056	-1.19789723	0.999348746	0.446922346	-1.008665607	-0.523869201
68	-1.362924058	1.552931072	1.123171028	0.971878885	-0.999348746	0.446922346	-1.008665607	0.120892893
69	-1.362924058	1.552931072	1.123171028	0.971878885	-0.999348746	-1.340767038	-1.759300478	-1.813393388
70	2.040447	-1.784711829	-0.561585514	-1.469119244	0.999348746	-1.340767038	-1.008665607	-0.523869201
71	0.244223386	-0.394027287	0.561585514	-0.655453201	0.999348746	1.340767038	1.243239004	1.410417079
72	0.244223386	-0.394027287	0.561585514	-0.655453201	0.999348746	0.446922346	-1.008665607	0.765654986
73	-0.701157463	0.718520347	-0.561585514	0.971878885	-0.999348746	1.340767038	-1.759300478	-1.813393388
74	0.527837641	-0.672164195	0	-0.655453201	0.999348746	1.340767038	1.243239004	1.410417079
75	-1.362924058	1.552931072	1.123171028	0.971878885	-0.999348746	1.340767038	1.243239004	1.410417079
76	-0.512081293	0.440383438	-1.123171028	0.971878885	-0.999348746	-1.340767038	1.243239004	-1.168631294
77	0.527837641	-0.672164195	0	-0.655453201	0.999348746	1.340767038	1.243239004	-0.523869201
78	2.040447	-1.784711829	-0.561585514	-1.469119244	0.999348746	0.446922346	0.117286699	-0.523869201
79	-0.984771718	0.996657255	0	0.971878885	-0.999348746	0.446922346	-1.008665607	0.120892893
80	-0.984771718	0.996657255	0	0.971878885	-0.999348746	-0.446922346	0.117286699	-0.523869201
81	-0.228467039	0.16224653	-1.684756542	0.971878885	-0.999348746	1.340767038	1.243239004	1.410417079
82	-1.173847888	1.274794164	0.561585514	0.971878885	-0.999348746	0.446922346	1.243239004	1.410417079
83	-0.228467039	0.16224653	-1.684756542	0.971878885	-0.999348746	1.340767038	1.243239004	0.120892893
84	1.284142321	-1.228438012	0	-1.19789723	0.999348746	-0.446922346	-1.008665607	1.410417079
85	-0.984771718	0.996657255	0	0.971878885	-0.999348746	0.446922346	-1.008665607	0.765654986
86	0.905989981	-0.950301104	-0.561585514	-0.655453201	0.999348746	-1.340767038	-1.759300478	-1.813393388
87	-0.512081293	0.440383438	-1.123171028	0.971878885	-0.999348746	-1.340767038	-1.008665607	-0.523869201
88	-0.228467039	0.16224653	-1.684756542	0.971878885	-0.999348746	-0.446922346	-1.759300478	-1.813393388
89	-0.512081293	0.440383438	-1.123171028	0.971878885	-0.999348746	-1.340767038	1.243239004	0.120892893
90	-1.173847888	1.274794164	0.561585514	0.971878885	-0.999348746	-0.446922346	1.243239004	0.765654986
91	-0.984771718	0.996657255	0	0.971878885	-0.999348746	1.340767038	0.117286699	0.120892893
92	0.244223386	-0.394027287	0.561585514	-0.655453201	0.999348746	-1.340767038	-1.008665607	1.410417079
93	-1.173847888	1.274794164	0.561585514	0.971878885	-0.999348746	1.340767038	1.243239004	-0.523869201
94	-0.984771718	0.996657255	0	0.971878885	-0.999348746	-0.446922346	-1.759300478	-1.813393388
95	-1.173847888	1.274794164	0.561585514	0.971878885	-0.999348746	1.340767038	0.117286699	0.765654986
96	0.905989981	-0.950301104	-0.561585514	-0.655453201	0.999348746	0.446922346	-1.008665607	0.765654986
97	2.040447	-1.784711829	-0.561585514	-1.469119244	0.999348746	-1.340767038	0.117286699	-1.168631294
98	-1.362924058	1.552931072	1.123171028	0.971878885	-0.999348746	-0.446922346	1.243239004	0.120892893
99	0.905989981	-0.950301104	-0.561585514	-0.655453201	0.999348746	-0.446922346	1.243239004	-1.168631294
100	0.244223386	-0.394027287	0.561585514	-0.655453201	0.999348746	1.340767038	-1.008665607	0.765654986
101	0.244223386	-0.394027287	0.561585514	-0.655453201	0.999348746	-0.446922346	1.243239004	1.410417079
102	-0.512081293	0.440383438	-1.123171028	0.971878885	-0.999348746	1.340767038	1.243239004	1.410417079
103	0.527837641	-0.672164195	0	-0.655453201	0.999348746	1.340767038	-1.008665607	-1.168631294
104	-0.512081293	0.440383438	-1.123171028	0.971878885	-0.999348746	1.340767038	0.117286699	0.765654986
105	2.040447	-1.784711829	-0.561585514	-1.469119244	0.999348746	-0.446922346	0.117286699	-0.523869201
106	-1.173847888	1.274794164	0.561585514	0.971878885	-0.999348746	0.446922346	0.117286699	-1.168631294
107	2.040447	-1.784711829	-0.561585514	-1.469119244	0.999348746	1.340767038	0.117286699	-1.168631294
108	2.040447	-1.784711829	-0.561585514	-1.469119244	0.999348746	-1.340767038	1.243239004	0.120892893
109	-1.362924058	1.552931072	1.123171028	0.971878885	-0.999348746	-1.340767038	1.243239004	0.765654986
110	-0.701157463	0.718520347	-0.561585514	0.971878885	-0.999348746	-1.340767038	0.117286699	-1.168631294
111	1.284142321	-1.228438012	0	-1.19789723	0.999348746	0.446922346	-1.008665607	0.765654986
112	0.244223386	-0.394027287	0.561585514	-0.655453201	0.999348746	-1.340767038	-1.008665607	0.120892893
113	-0.512081293	0.440383438	-1.123171028	0.971878885	-0.999348746	1.340767038	-1.008665607	-1.168631294
114	-1.173847888	1.274794164	0.561585514	0.971878885	-0.999348746	1.340767038	-1.008665607	-1.168631294
115	0.527837641	-0.672164195	0	-0.655453201	0.999348746	0.446922346	-1.008665607	1.410417079
116	-0.039390869	-0.115890379	2.246342056	-1.19789723	0.999348746	1.340767038	0.117286699	1.410417079
117	1.284142321	-1.228438012	0	-1.19789723	0.999348746	-1.340767038	0.117286699	0.765654986
118	0.527837641	-0.672164195	0	-0.655453201	0.999348746	1.340767038	0.117286699	-1.168631294
119	-0.039390869	-0.115890379	2.246342056	-1.19789723	0.999348746	0.446922346	0.117286699	0.765654986
120	2.040447	-1.784711829	-0.561585514	-1.469119244	0.999348746	-1.340767038	1.243239004	0.765654986
121	0.905989981	-0.950301104	-0.561585514	-0.655453201	0.999348746	1.340767038	1.243239004	0.120892893
122	-0.039390869	-0.115890379	2.246342056	-1.19789723	0.999348746	-1.340767038	0.117286699	0.765654986
123	-1.173847888	1.274794164	0.561585514	0.971878885	-0.999348746	0.446922346	1.243239004	0.120892893
124	-1.173847888	1.274794164	0.561585514	0.971878885	-0.999348746	0.446922346	0.117286699	-0.523869201
125	-1.173847888	1.274794164	0.561585514	0.971878885	-0.999348746	-0.446922346	0.117286699	0.765654986
126	-0.984771718	0.996657255	0	0.971878885	-0.999348746	-0.446922346	1.243239004	0.120892893
127	-1.173847888	1.274794164	0.561585514	0.971878885	-0.999348746	-1.340767038	-1.008665607	0.765654986
128	-1.362924058	1.552931072	1.123171028	0.971878885	-0.999348746	0.446922346	0.117286699	-1.168631294
129	-0.228467039	0.16224653	-1.684756542	0.971878885	-0.999348746	0.446922346	-1.759300478	-1.813393388
130	-1.362924058	1.552931072	1.123171028	0.971878885	-0.999348746	-1.340767038	0.117286699	1.410417079
131	2.040447	-1.784711829	-0.561585514	-1.469119244	0.999348746	0.446922346	-1.008665607	1.410417079
132	-0.228467039	0.16224653	-1.684756542	0.971878885	-0.999348746	-0.446922346	0.117286699	0.120892893
133	-0.701157463	0.718520347	-0.561585514	0.971878885	-0.999348746	0.446922346	-1.008665607	0.120892893
134	-0.039390869	-0.115890379	2.246342056	-1.19789723	0.999348746	-0.446922346	-1.008665607	-1.168631294
135	-0.701157463	0.718520347	-0.561585514	0.971878885	-0.999348746	-1.340767038	-1.008665607	1.410417079
136	-1.173847888	1.274794164	0.561585514	0.971878885	-0.999348746	-1.340767038	1.243239004	-1.168631294
137	-0.228467039	0.16224653	-1.684756542	0.971878885	-0.999348746	1.340767038	-1.008665607	1.410417079
138	-0.701157463	0.718520347	-0.561585514	0.971878885	-0.999348746	-1.340767038	1.243239004	0.765654986
139	-0.984771718	0.996657255	0	0.971878885	-0.999348746	-0.446922346	0.117286699	-1.168631294
140	2.040447	-1.784711829	-0.561585514	-1.469119244	0.999348746	-0.446922346	-1.008665607	1.410417079
141	1.284142321	-1.228438012	0	-1.19789723	0.999348746	1.340767038	1.243239004	0.765654986
142	0.244223386	-0.394027287	0.561585514	-0.655453201	0.999348746	0.446922346	1.243239004	1.410417079
143	-1.362924058	1.552931072	1.123171028	0.971878885	-0.999348746	-1.340767038	1.243239004	-1.168631294
144	-0.512081293	0.440383438	-1.123171028	0.971878885	-0.999348746	-0.446922346	-1.008665607	0.765654986
145	-0.701157463	0.718520347	-0.561585514	0.971878885	-0.999348746	-1.340767038	-1.759300478	-1.813393388
146	-0.701157463	0.718520347	-0.561585514	0.971878885	-0.999348746	1.340767038	1.243239004	-0.523869201
147	2.040447	-1.784711829	-0.561585514	-1.469119244	0.999348746	-1.340767038	1.243239004	1.410417079
148	-1.362924058	1.552931072	1.123171028	0.971878885	-0.999348746	-0.446922346	0.117286699	-0.523869201
149	-1.362924058	1.552931072	1.123171028	0.971878885	-0.999348746	0.446922346	0.117286699	0.120892893
150	-0.228467039	0.16224653	-1.684756542	0.971878885	-0.999348746	-1.340767038	1.243239004	1.410417079
151	-0.228467039	0.16224653	-1.684756542	0.971878885	-0.999348746	-0.446922346	1.243239004	-1.168631294
152	1.284142321	-1.228438012	0	-1.19789723	0.999348746	0.446922346	0.117286699	0.765654986
153	-0.984771718	0.996657255	0	0.971878885	-0.999348746	-1.340767038	0.117286699	-1.168631294
154	-1.362924058	1.552931072	1.123171028	0.971878885	-0.999348746	-1.340767038	-1.008665607	0.765654986
155	-0.512081293	0.440383438	-1.123171028	0.971878885	-0.999348746	0.446922346	1.243239004	0.120892893
156	-1.362924058	1.552931072	1.123171028	0.971878885	-0.999348746	-0.446922346	0.117286699	1.410417079
157	-0.701157463	0.718520347	-0.561585514	0.971878885	-0.999348746	-0.446922346	-1.008665607	0.765654986
158	1.284142321	-1.228438012	0	-1.19789723	0.999348746	1.340767038	0.117286699	-1.168631294
159	-0.984771718	0.996657255	0	0.971878885	-0.999348746	1.340767038	0.117286699	-1.168631294
160	0.527837641	-0.672164195	0	-0.655453201	0.999348746	0.446922346	0.117286699	-0.523869201
161	-0.701157463	0.718520347	-0.561585514	0.971878885	-0.999348746	-0.446922346	1.243239004	-0.523869201
162	-1.173847888	1.274794164	0.561585514	0.971878885	-0.999348746	1.340767038	1.243239004	1.410417079
163	-0.984771718	0.996657255	0	0.971878885	-0.999348746	0.446922346	1.243239004	1.410417079
164	0.527837641	-0.672164195	0	-0.655453201	0.999348746	-0.446922346	-1.008665607	0.765654986
165	-1.362924058	1.552931072	1.123171028	0.971878885	-0.999348746	1.340767038	0.117286699	1.410417079
166	2.040447	-1.784711829	-0.561585514	-1.469119244	0.999348746	-1.340767038	1.243239004	-0.523869201
167	0.905989981	-0.950301104	-0.561585514	-0.655453201	0.999348746	-1.340767038	1.243239004	-0.523869201
168	0.244223386	-0.394027287	0.561585514	-0.655453201	0.999348746	0.446922346	-1.759300478	-1.813393388
169	-0.039390869	-0.115890379	2.246342056	-1.19789723	0.999348746	-1.340767038	-1.008665607	0.120892893
170	-0.512081293	0.440383438	-1.123171028	0.971878885	-0.999348746	-1.340767038	-1.008665607	-1.168631294
171	0.244223386	-0.394027287	0.561585514	-0.655453201	0.999348746	-1.340767038	0.117286699	-0.523869201
172	-0.701157463	0.718520347	-0.561585514	0.971878885	-0.999348746	-0.446922346	-1.008665607	0.120892893
173	1.284142321	-1.228438012	0	-1.19789723	0.999348746	-0.446922346	0.117286699	-0.523869201
174	-0.228467039	0.16224653	-1.684756542	0.971878885	-0.999348746	1.340767038	1.243239004	-1.168631294
175	-0.701157463	0.718520347	-0.561585514	0.971878885	-0.999348746	0.446922346	0.117286699	0.765654986
176	0.527837641	-0.672164195	0	-0.655453201	0.999348746	-0.446922346	-1.008665607	0.120892893
177	-0.228467039	0.16224653	-1.684756542	0.971878885	-0.999348746	0.446922346	0.117286699	0.765654986
178	-0.039390869	-0.115890379	2.246342056	-1.19789723	0.999348746	1.340767038	0.117286699	0.120892893
179	-0.228467039	0.16224653	-1.684756542	0.971878885	-0.999348746	-0.446922346	-1.008665607	1.410417079
180	-1.173847888	1.274794164	0.561585514	0.971878885	-0.999348746	0.446922346	-1.759300478	-1.813393388
181	-1.173847888	1.274794164	0.561585514	0.971878885	-0.999348746	0.446922346	-1.008665607	-0.523869201
182	-0.039390869	-0.115890379	2.246342056	-1.19789723	0.999348746	-1.340767038	-1.008665607	1.410417079
183	-0.701157463	0.718520347	-0.561585514	0.971878885	-0.999348746	-0.446922346	1.243239004	1.410417079
184	-0.984771718	0.996657255	0	0.971878885	-0.999348746	1.340767038	1.243239004	0.765654986
185	-0.039390869	-0.115890379	2.246342056	-1.19789723	0.999348746	-0.446922346	1.243239004	0.765654986
186	1.284142321	-1.228438012	0	-1.19789723	0.999348746	1.340767038	-1.008665607	-1.168631294
187	1.284142321	-1.228438012	0	-1.19789723	0.999348746	0.446922346	0.117286699	-1.168631294
188	-0.984771718	0.996657255	0	0.971878885	-0.999348746	-1.340767038	1.243239004	1.410417079
189	-0.228467039	0.16224653	-1.684756542	0.971878885	-0.999348746	1.340767038	-1.008665607	-0.523869201
190	2.040447	-1.784711829	-0.561585514	-1.469119244	0.999348746	-1.340767038	-1.759300478	-1.813393388
191	2.040447	-1.784711829	-0.561585514	-1.469119244	0.999348746	0.446922346	0.117286699	-1.168631294
192	0.527837641	-0.672164195	0	-0.655453201	0.999348746	-1.340767038	-1.008665607	0.120892893
193	0.527837641	-0.672164195	0	-0.655453201	0.999348746	-0.446922346	-1.008665607	-1.168631294
194	-0.984771718	0.996657255	0	0.971878885	-0.999348746	-1.340767038	1.243239004	0.120892893
195	0.244223386	-0.394027287	0.561585514	-0.655453201	0.999348746	0.446922346	0.117286699	0.120892893
196	2.040447	-1.784711829	-0.561585514	-1.469119244	0.999348746	-1.340767038	0.117286699	-0.523869201
197	-1.362924058	1.552931072	1.123171028	0.971878885	-0.999348746	-0.446922346	-1.008665607	0.120892893
198	2.040447	-1.784711829	-0.561585514	-1.469119244	0.999348746	-0.446922346	1.243239004	-0.523869201
199	0.527837641	-0.672164195	0	-0.655453201	0.999348746	-0.446922346	1.243239004	0.765654986
200	2.040447	-1.784711829	-0.561585514	-1.469119244	0.999348746	-0.446922346	0.117286699	0.120892893
201	2.040447	-1.784711829	-0.561585514	-1.469119244	0.999348746	1.340767038	-1.008665607	0.120892893
202	-1.362924058	1.552931072	1.123171028	0.971878885	-0.999348746	0.446922346	-1.759300478	-1.813393388
203	-1.173847888	1.274794164	0.561585514	0.971878885	-0.999348746	0.446922346	-1.008665607	0.765654986
204	0.527837641	-0.672164195	0	-0.655453201	0.999348746	-1.340767038	-1.008665607	1.410417079
205	0.905989981	-0.950301104	-0.561585514	-0.655453201	0.999348746	1.340767038	-1.008665607	0.765654986
206	0.244223386	-0.394027287	0.561585514	-0.655453201	0.999348746	-1.340767038	-1.008665607	-1.168631294
207	-0.039390869	-0.115890379	2.246342056	-1.19789723	0.999348746	-1.340767038	0.117286699	-0.523869201
208	-0.228467039	0.16224653	-1.684756542	0.971878885	-0.999348746	1.340767038	0.117286699	1.410417079
209	-0.512081293	0.440383438	-1.123171028	0.971878885	-0.999348746	-0.446922346	1.243239004	-0.523869201
210	-0.701157463	0.718520347	-0.561585514	0.971878885	-0.999348746	-1.340767038	1.243239004	0.120892893
211	1.284142321	-1.228438012	0	-1.19789723	0.999348746	0.446922346	1.243239004	-0.523869201
212	0.905989981	-0.950301104	-0.561585514	-0.655453201	0.999348746	1.340767038	0.117286699	-1.168631294
213	0.905989981	-0.950301104	-0.561585514	-0.655453201	0.999348746	1.340767038	0.117286699	0.765654986
214	-0.984771718	0.996657255	0	0.971878885	-0.999348746	0.446922346	0.117286699	-0.523869201
215	0.527837641	-0.672164195	0	-0.655453201	0.999348746	1.340767038	-1.008665607	0.120892893
216	-0.039390869	-0.115890379	2.246342056	-1.19789723	0.999348746	0.446922346	0.117286699	-0.523869201
217	-0.984771718	0.996657255	0	0.971878885	-0.999348746	-1.340767038	1.243239004	0.765654986
218	-0.512081293	0.440383438	-1.123171028	0.971878885	-0.999348746	-0.446922346	0.117286699	-1.168631294
219	-0.228467039	0.16224653	-1.684756542	0.971878885	-0.999348746	1.340767038	0.117286699	-0.523869201
220	-0.512081293	0.440383438	-1.123171028	0.971878885	-0.999348746	-1.340767038	0.117286699	-1.168631294
221	2.040447	-1.784711829	-0.561585514	-1.469119244	0.999348746	-0.446922346	-1.759300478	-1.813393388
222	-1.173847888	1.274794164	0.561585514	0.971878885	-0.999348746	-0.446922346	0.117286699	-0.523869201
223	1.284142321	-1.228438012	0	-1.19789723	0.999348746	-1.340767038	-1.008665607	0.120892893
224	0.905989981	-0.950301104	-0.561585514	-0.655453201	0.999348746	-1.340767038	-1.008665607	1.410417079
225	-0.701157463	0.718520347	-0.561585514	0.971878885	-0.999348746	-0.446922346	1.243239004	0.120892893
226	-1.173847888	1.274794164	0.561585514	0.971878885	-0.999348746	1.340767038	1.243239004	-1.168631294
227	-1.173847888	1.274794164	0.561585514	0.971878885	-0.999348746	1.340767038	0.117286699	-1.168631294
228	0.527837641	-0.672164195	0	-0.655453201	0.999348746	1.340767038	0.117286699	0.765654986
229	1.284142321	-1.228438012	0	-1.19789723	0.999348746	1.340767038	-1.008665607	-0.523869201
230	1.284142321	-1.228438012	0	-1.19789723	0.999348746	-1.340767038	-1.008665607	1.410417079
231	1.284142321	-1.228438012	0	-1.19789723	0.999348746	-0.446922346	-1.759300478	-1.813393388
232	0.905989981	-0.950301104	-0.561585514	-0.655453201	0.999348746	0.446922346	-1.008665607	-1.168631294
233	0.244223386	-0.394027287	0.561585514	-0.655453201	0.999348746	-0.446922346	-1.008665607	0.765654986
234	-0.512081293	0.440383438	-1.123171028	0.971878885	-0.999348746	1.340767038	1.243239004	0.765654986
235	-0.228467039	0.16224653	-1.684756542	0.971878885	-0.999348746	-0.446922346	0.117286699	1.410417079
236	-0.512081293	0.440383438	-1.123171028	0.971878885	-0.999348746	0.446922346	1.243239004	-0.523869201
237	-1.173847888	1.274794164	0.561585514	0.971878885	-0.999348746	-1.340767038	0.117286699	-0.523869201
238	-0.039390869	-0.115890379	2.246342056	-1.19789723	0.999348746	1.340767038	1.243239004	0.765654986
239	-0.039390869	-0.115890379	2.246342056	-1.19789723	0.999348746	0.446922346	1.243239004	1.410417079
240	1.284142321	-1.228438012	0	-1.19789723	0.999348746	-1.340767038	1.243239004	-0.523869201
241	2.040447	-1.784711829	-0.561585514	-1.469119244	0.999348746	-0.446922346	-1.008665607	-0.523869201
242	-1.173847888	1.274794164	0.561585514	0.971878885	-0.999348746	-1.340767038	-1.008665607	-0.523869201
243	-1.362924058	1.552931072	1.123171028	0.971878885	-0.999348746	1.340767038	0.117286699	-1.168631294
244	0.244223386	-0.394027287	0.561585514	-0.655453201	0.999348746	1.340767038	0.117286699	0.120892893
245	2.040447	-1.784711829	-0.561585514	-1.469119244	0.999348746	1.340767038	-1.008665607	-1.168631294
246	0.527837641	-0.672164195	0	-0.655453201	0.999348746	1.340767038	1.243239004	0.120892893
247	-0.512081293	0.440383438	-1.123171028	0.971878885	-0.999348746	1.340767038	0.117286699	0.120892893
248	0.244223386	-0.394027287	0.561585514	-0.655453201	0.999348746	-1.340767038	0.117286699	0.765654986
249	2.040447	-1.784711829	-0.561585514	-1.469119244	0.999348746	0.446922346	-1.008665607	0.765654986
250	-0.512081293	0.440383438	-1.123171028	0.971878885	-0.999348746	-0.446922346	1.243239004	0.765654986
251	0.905989981	-0.950301104	-0.561585514	-0.655453201	0.999348746	1.340767038	1.243239004	1.410417079
252	-0.228467039	0.16224653	-1.684756542	0.971878885	-0.999348746	1.340767038	-1.008665607	0.765654986
253	-1.173847888	1.274794164	0.561585514	0.971878885	-0.999348746	-0.446922346	-1.008665607	-0.523869201
254	-0.984771718	0.996657255	0	0.971878885	-0.999348746	0.446922346	0.117286699	0.120892893
255	2.040447	-1.784711829	-0.561585514	-1.469119244	0.999348746	-1.340767038	-1.008665607	1.410417079
256	-0.984771718	0.996657255	0	0.971878885	-0.999348746	-0.446922346	1.243239004	-1.168631294
257	2.040447	-1.784711829	-0.561585514	-1.469119244	0.999348746	1.340767038	0.117286699	-0.523869201
258	-0.512081293	0.440383438	-1.123171028	0.971878885	-0.999348746	-1.340767038	0.117286699	1.410417079
259	0.244223386	-0.394027287	0.561585514	-0.655453201	0.999348746	-1.340767038	1.243239004	-1.168631294
260	-1.362924058	1.552931072	1.123171028	0.971878885	-0.999348746	-1.340767038	-1.008665607	1.410417079
261	0.244223386	-0.394027287	0.561585514	-0.655453201	0.999348746	1.340767038	0.117286699	1.410417079
262	0.905989981	-0.950301104	-0.561585514	-0.655453201	0.999348746	-0.446922346	-1.008665607	0.765654986
263	-1.173847888	1.274794164	0.561585514	0.971878885	-0.999348746	0.446922346	0.117286699	0.120892893
264	-1.362924058	1.552931072	1.123171028	0.971878885	-0.999348746	1.340767038	0.117286699	0.765654986
265	1.284142321	-1.228438012	0	-1.19789723	0.999348746	-1.340767038	0.117286699	-1.168631294
266	-0.701157463	0.718520347	-0.561585514	0.971878885	-0.999348746	0.446922346	-1.008665607	-0.523869201
267	-1.362924058	1.552931072	1.123171028	0.971878885	-0.999348746	-0.446922346	0.117286699	0.120892893
268	2.040447	-1.784711829	-0.561585514	-1.469119244	0.999348746	-0.446922346	1.243239004	1.410417079
269	-0.701157463	0.718520347	-0.561585514	0.971878885	-0.999348746	1.340767038	0.117286699	0.120892893
270	-0.512081293	0.440383438	-1.123171028	0.971878885	-0.999348746	0.446922346	0.117286699	-1.168631294
271	-0.039390869	-0.115890379	2.246342056	-1.19789723	0.999348746	-0.446922346	1.243239004	-1.168631294
272	0.527837641	-0.672164195	0	-0.655453201	0.999348746	1.340767038	-1.008665607	-0.523869201
273	0.244223386	-0.394027287	0.561585514	-0.655453201	0.999348746	0.446922346	-1.008665607	1.410417079
274	0.244223386	-0.394027287	0.561585514	-0.655453201	0.999348746	0.446922346	-1.008665607	-1.168631294
275	-0.984771718	0.996657255	0	0.971878885	-0.999348746	-0.446922346	1.243239004	-0.523869201
276	-1.362924058	1.552931072	1.123171028	0.971878885	-0.999348746	1.340767038	-1.008665607	0.765654986
277	-0.228467039	0.16224653	-1.684756542	0.971878885	-0.999348746	-0.446922346	-1.008665607	0.765654986
278	1.284142321	-1.228438012	0	-1.19789723	0.999348746	-0.446922346	-1.008665607	0.765654986
279	0.244223386	-0.394027287	0.561585514	-0.655453201	0.999348746	0.446922346	-1.008665607	-0.523869201
280	-0.039390869	-0.115890379	2.246342056	-1.19789723	0.999348746	1.340767038	-1.008665607	0.120892893
281	-1.362924058	1.552931072	1.123171028	0.971878885	-0.999348746	-0.446922346	1.243239004	-1.168631294
282	-0.228467039	0.16224653	-1.684756542	0.971878885	-0.999348746	0.446922346	0.117286699	-0.523869201
283	-0.228467039	0.16224653	-1.684756542	0.971878885	-0.999348746	1.340767038	0.117286699	0.120892893
284	0.527837641	-0.672164195	0	-0.655453201	0.999348746	1.340767038	-1.008665607	0.765654986
285	-1.362924058	1.552931072	1.123171028	0.971878885	-0.999348746	0.446922346	1.243239004	-0.523869201
286	-1.362924058	1.552931072	1.123171028	0.971878885	-0.999348746	0.446922346	0.117286699	0.765654986
287	-0.039390869	-0.115890379	2.246342056	-1.19789723	0.999348746	0.446922346	1.243239004	-0.523869201
288	1.284142321	-1.228438012	0	-1.19789723	0.999348746	1.340767038	0.117286699	-0.523869201
289	0.905989981	-0.950301104	-0.561585514	-0.655453201	0.999348746	0.446922346	1.243239004	-0.523869201
290	-1.173847888	1.274794164	0.561585514	0.971878885	-0.999348746	-0.446922346	0.117286699	1.410417079
291	-0.039390869	-0.115890379	2.246342056	-1.19789723	0.999348746	-0.446922346	-1.008665607	-0.523869201
292	-0.228467039	0.16224653	-1.684756542	0.971878885	-0.999348746	1.340767038	1.243239004	-0.523869201
293	2.040447	-1.784711829	-0.561585514	-1.469119244	0.999348746	1.340767038	-1.759300478	-1.813393388
294	-1.362924058	1.552931072	1.123171028	0.971878885	-0.999348746	-0.446922346	1.243239004	1.410417079
295	-0.701157463	0.718520347	-0.561585514	0.971878885	-0.999348746	1.340767038	0.117286699	-1.168631294
296	-0.512081293	0.440383438	-1.123171028	0.971878885	-0.999348746	-0.446922346	0.117286699	1.410417079
297	0.905989981	-0.950301104	-0.561585514	-0.655453201	0.999348746	-1.340767038	1.243239004	1.410417079
298	-0.039390869	-0.115890379	2.246342056	-1.19789723	0.999348746	-1.340767038	1.243239004	-0.523869201
299	1.284142321	-1.228438012	0	-1.19789723	0.999348746	1.340767038	1.243239004	-1.168631294
300	-0.701157463	0.718520347	-0.561585514	0.971878885	-0.999348746	1.340767038	-1.008665607	1.410417079
301	0.244223386	-0.394027287	0.561585514	-0.655453201	0.999348746	-1.340767038	1.243239004	0.765654986
302	0.244223386	-0.394027287	0.561585514	-0.655453201	0.999348746	-0.446922346	-1.008665607	1.410417079
303	0.905989981	-0.950301104	-0.561585514	-0.655453201	0.999348746	-0.446922346	0.117286699	0.120892893
304	0.905989981	-0.950301104	-0.561585514	-0.655453201	0.999348746	1.340767038	0.117286699	0.120892893
305	-0.701157463	0.718520347	-0.561585514	0.971878885	-0.999348746	-1.340767038	-1.008665607	0.765654986
306	-0.039390869	-0.115890379	2.246342056	-1.19789723	0.999348746	1.340767038	0.117286699	0.765654986
307	-0.228467039	0.16224653	-1.684756542	0.971878885	-0.999348746	-0.446922346	0.117286699	0.765654986
308	-0.039390869	-0.115890379	2.246342056	-1.19789723	0.999348746	0.446922346	1.243239004	0.120892893
309	-1.362924058	1.552931072	1.123171028	0.971878885	-0.999348746	0.446922346	-1.008665607	-1.168631294
310	-1.362924058	1.552931072	1.123171028	0.971878885	-0.999348746	0.446922346	1.243239004	0.120892893
311	-1.362924058	1.552931072	1.123171028	0.971878885	-0.999348746	1.340767038	1.243239004	-0.523869201
312	0.905989981	-0.950301104	-0.561585514	-0.655453201	0.999348746	1.340767038	-1.008665607	-1.168631294
313	-0.228467039	0.16224653	-1.684756542	0.971878885	-0.999348746	-0.446922346	-1.008665607	-0.523869201
314	-0.512081293	0.440383438	-1.123171028	0.971878885	-0.999348746	1.340767038	0.117286699	1.410417079
315	-0.228467039	0.16224653	-1.684756542	0.971878885	-0.999348746	0.446922346	-1.008665607	-1.168631294
316	-1.173847888	1.274794164	0.561585514	0.971878885	-0.999348746	1.340767038	-1.759300478	-1.813393388
317	0.527837641	-0.672164195	0	-0.655453201	0.999348746	1.340767038	1.243239004	0.765654986
318	-0.228467039	0.16224653	-1.684756542	0.971878885	-0.999348746	-0.446922346	0.117286699	-1.168631294
319	1.284142321	-1.228438012	0	-1.19789723	0.999348746	-0.446922346	1.243239004	-0.523869201
320	1.284142321	-1.228438012	0	-1.19789723	0.999348746	1.340767038	1.243239004	1.410417079
321	-0.512081293	0.440383438	-1.123171028	0.971878885	-0.999348746	-1.340767038	1.243239004	0.765654986
322	2.040447	-1.784711829	-0.561585514	-1.469119244	0.999348746	-1.340767038	0.117286699	0.120892893
323	-1.173847888	1.274794164	0.561585514	0.971878885	-0.999348746	0.446922346	-1.008665607	1.410417079
324	2.040447	-1.784711829	-0.561585514	-1.469119244	0.999348746	-1.340767038	-1.008665607	-1.168631294
325	-1.362924058	1.552931072	1.123171028	0.971878885	-0.999348746	0.446922346	0.117286699	1.410417079
326	0.527837641	-0.672164195	0	-0.655453201	0.999348746	1.340767038	0.117286699	1.410417079
327	-0.228467039	0.16224653	-1.684756542	0.971878885	-0.999348746	-1.340767038	1.243239004	-0.523869201
328	0.905989981	-0.950301104	-0.561585514	-0.655453201	0.999348746	-0.446922346	-1.008665607	-1.168631294
329	-0.984771718	0.996657255	0	0.971878885	-0.999348746	-1.340767038	-1.008665607	-0.523869201
330	-0.039390869	-0.115890379	2.246342056	-1.19789723	0.999348746	1.340767038	-1.008665607	0.765654986
331	1.284142321	-1.228438012	0	-1.19789723	0.999348746	-0.446922346	0.117286699	0.120892893
332	-0.701157463	0.718520347	-0.561585514	0.971878885	-0.999348746	0.446922346	1.243239004	0.120892893
333	-0.984771718	0.996657255	0	0.971878885	-0.999348746	-0.446922346	0.117286699	0.765654986
334	-0.228467039	0.16224653	-1.684756542	0.971878885	-0.999348746	0.446922346	1.243239004	-0.523869201
335	-1.362924058	1.552931072	1.123171028	0.971878885	-0.999348746	1.340767038	0.117286699	-0.523869201
336	-0.039390869	-0.115890379	2.246342056	-1.19789723	0.999348746	-1.340767038	1.243239004	0.120892893
337	2.040447	-1.784711829	-0.561585514	-1.469119244	0.999348746	-1.340767038	0.117286699	1.410417079
338	2.040447	-1.784711829	-0.561585514	-1.469119244	0.999348746	0.446922346	1.243239004	0.120892893
339	0.527837641	-0.672164195	0	-0.655453201	0.999348746	-0.446922346	0.117286699	0.120892893
340	-0.701157463	0.718520347	-0.561585514	0.971878885	-0.999348746	1.340767038	-1.008665607	-0.523869201
341	-1.173847888	1.274794164	0.561585514	0.971878885	-0.999348746	0.446922346	0.117286699	0.765654986
342	-0.039390869	-0.115890379	2.246342056	-1.19789723	0.999348746	1.340767038	1.243239004	-0.523869201
343	-1.173847888	1.274794164	0.561585514	0.971878885	-0.999348746	-1.340767038	1.243239004	0.765654986
344	-0.512081293	0.440383438	-1.123171028	0.971878885	-0.999348746	0.446922346	1.243239004	1.410417079
345	0.527837641	-0.672164195	0	-0.655453201	0.999348746	-1.340767038	1.243239004	1.410417079
346	-0.039390869	-0.115890379	2.246342056	-1.19789723	0.999348746	-0.446922346	1.243239004	0.120892893
347	-0.984771718	0.996657255	0	0.971878885	-0.999348746	-0.446922346	0.117286699	1.410417079
348	-1.173847888	1.274794164	0.561585514	0.971878885	-0.999348746	-0.446922346	1.243239004	-0.523869201
349	1.284142321	-1.228438012	0	-1.19789723	0.999348746	-1.340767038	-1.759300478	-1.813393388
350	0.905989981	-0.950301104	-0.561585514	-0.655453201	0.999348746	-1.340767038	1.243239004	0.765654986
351	0.244223386	-0.394027287	0.561585514	-0.655453201	0.999348746	0.446922346	1.243239004	0.120892893
352	0.905989981	-0.950301104	-0.561585514	-0.655453201	0.999348746	-1.340767038	0.117286699	1.410417079
353	0.527837641	-0.672164195	0	-0.655453201	0.999348746	-1.340767038	0.117286699	1.410417079
354	-0.512081293	0.440383438	-1.123171028	0.971878885	-0.999348746	0.446922346	-1.008665607	0.765654986
355	-0.984771718	0.996657255	0	0.971878885	-0.999348746	-0.446922346	-1.008665607	0.765654986
356	-0.984771718	0.996657255	0	0.971878885	-0.999348746	1.340767038	-1.008665607	1.410417079
357	0.905989981	-0.950301104	-0.561585514	-0.655453201	0.999348746	0.446922346	-1.008665607	-0.523869201
358	-0.228467039	0.16224653	-1.684756542	0.971878885	-0.999348746	-1.340767038	1.243239004	-1.168631294
359	0.905989981	-0.950301104	-0.561585514	-0.655453201	0.999348746	-1.340767038	0.117286699	0.765654986
360	-0.984771718	0.996657255	0	0.971878885	-0.999348746	-1.340767038	0.117286699	1.410417079
361	-0.984771718	0.996657255	0	0.971878885	-0.999348746	0.446922346	0.117286699	1.410417079
362	-0.228467039	0.16224653	-1.684756542	0.971878885	-0.999348746	-1.340767038	0.117286699	0.765654986
363	2.040447	-1.784711829	-0.561585514	-1.469119244	0.999348746	0.446922346	0.117286699	0.120892893
364	0.905989981	-0.950301104	-0.561585514	-0.655453201	0.999348746	-1.340767038	-1.008665607	0.120892893
365	-0.984771718	0.996657255	0	0.971878885	-0.999348746	-1.340767038	1.243239004	-1.168631294
366	-0.984771718	0.996657255	0	0.971878885	-0.999348746	-0.446922346	-1.008665607	0.120892893
367	0.244223386	-0.394027287	0.561585514	-0.655453201	0.999348746	-1.340767038	0.117286699	0.120892893
368	0.905989981	-0.950301104	-0.561585514	-0.655453201	0.999348746	-0.446922346	0.117286699	1.410417079
369	-0.701157463	0.718520347	-0.561585514	0.971878885	-0.999348746	0.446922346	-1.008665607	1.410417079
370	1.284142321	-1.228438012	0	-1.19789723	0.999348746	-0.446922346	1.243239004	0.120892893
371	-1.362924058	1.552931072	1.123171028	0.971878885	-0.999348746	1.340767038	1.243239004	0.765654986
372	0.527837641	-0.672164195	0	-0.655453201	0.999348746	0.446922346	-1.759300478	-1.813393388
373	-0.512081293	0.440383438	-1.123171028	0.971878885	-0.999348746	1.340767038	1.243239004	-0.523869201
374	-1.173847888	1.274794164	0.561585514	0.971878885	-0.999348746	-1.340767038	0.117286699	0.765654986
375	0.244223386	-0.394027287	0.561585514	-0.655453201	0.999348746	-0.446922346	1.243239004	0.120892893
376	0.244223386	-0.394027287	0.561585514	-0.655453201	0.999348746	0.446922346	1.243239004	-0.523869201
377	-1.362924058	1.552931072	1.123171028	0.971878885	-0.999348746	1.340767038	0.117286699	0.120892893
378	0.905989981	-0.950301104	-0.561585514	-0.655453201	0.999348746	1.340767038	1.243239004	-0.523869201
379	2.040447	-1.784711829	-0.561585514	-1.469119244	0.999348746	0.446922346	-1.008665607	0.120892893
380	2.040447	-1.784711829	-0.561585514	-1.469119244	0.999348746	0.446922346	0.117286699	0.765654986
381	-0.701157463	0.718520347	-0.561585514	0.971878885	-0.999348746	-0.446922346	0.117286699	0.120892893
382	-0.039390869	-0.115890379	2.246342056	-1.19789723	0.999348746	1.340767038	-1.008665607	1.410417079
383	-1.362924058	1.552931072	1.123171028	0.971878885	-0.999348746	-1.340767038	0.117286699	-1.168631294
384	-0.512081293	0.440383438	-1.123171028	0.971878885	-0.999348746	1.340767038	-1.008665607	0.120892893
385	-0.701157463	0.718520347	-0.561585514	0.971878885	-0.999348746	-0.446922346	0.117286699	-1.168631294
386	-0.228467039	0.16224653	-1.684756542	0.971878885	-0.999348746	0.446922346	1.243239004	1.410417079
387	0.244223386	-0.394027287	0.561585514	-0.655453201	0.999348746	1.340767038	-1.759300478	-1.813393388
388	0.905989981	-0.950301104	-0.561585514	-0.655453201	0.999348746	-0.446922346	1.243239004	0.765654986
389	0.527837641	-0.672164195	0	-0.655453201	0.999348746	-0.446922346	-1.008665607	-0.523869201
390	0.244223386	-0.394027287	0.561585514	-0.655453201	0.999348746	-1.340767038	0.117286699	1.410417079
391	-1.362924058	1.552931072	1.123171028	0.971878885	-0.999348746	-1.340767038	1.243239004	1.410417079
392	-0.228467039	0.16224653	-1.684756542	0.971878885	-0.999348746	0.446922346	1.243239004	0.765654986
393	-1.362924058	1.552931072	1.123171028	0.971878885	-0.999348746	0.446922346	-1.008665607	-0.523869201
394	-0.984771718	0.996657255	0	0.971878885	-0.999348746	-0.446922346	1.243239004	0.765654986
395	-0.512081293	0.440383438	-1.123171028	0.971878885	-0.999348746	0.446922346	-1.008665607	-0.523869201
396	1.284142321	-1.228438012	0	-1.19789723	0.999348746	-0.446922346	1.243239004	0.765654986
397	-0.701157463	0.718520347	-0.561585514	0.971878885	-0.999348746	0.446922346	0.117286699	0.120892893
398	-1.173847888	1.274794164	0.561585514	0.971878885	-0.999348746	-1.340767038	0.117286699	-1.168631294
399	0.905989981	-0.950301104	-0.561585514	-0.655453201	0.999348746	-0.446922346	0.117286699	-0.523869201
400	2.040447	-1.784711829	-0.561585514	-1.469119244	0.999348746	1.340767038	0.117286699	0.765654986
401	0.244223386	-0.394027287	0.561585514	-0.655453201	0.999348746	-0.446922346	0.117286699	-0.523869201
402	0.905989981	-0.950301104	-0.561585514	-0.655453201	0.999348746	0.446922346	-1.008665607	1.410417079
403	-1.173847888	1.274794164	0.561585514	0.971878885	-0.999348746	-1.340767038	1.243239004	0.120892893
404	0.527837641	-0.672164195	0	-0.655453201	0.999348746	-0.446922346	1.243239004	-0.523869201
405	-0.512081293	0.440383438	-1.123171028	0.971878885	-0.999348746	-0.446922346	1.243239004	1.410417079
406	-0.984771718	0.996657255	0	0.971878885	-0.999348746	1.340767038	1.243239004	0.120892893
407	-0.701157463	0.718520347	-0.561585514	0.971878885	-0.999348746	1.340767038	1.243239004	-1.168631294
408	0.905989981	-0.950301104	-0.561585514	-0.655453201	0.999348746	-0.446922346	1.243239004	0.120892893
409	0.527837641	-0.672164195	0	-0.655453201	0.999348746	-1.340767038	1.243239004	0.120892893
410	-0.701157463	0.718520347	-0.561585514	0.971878885	-0.999348746	-1.340767038	0.117286699	0.765654986
411	-0.039390869	-0.115890379	2.246342056	-1.19789723	0.999348746	0.446922346	-1.008665607	0.120892893
412	1.284142321	-1.228438012	0	-1.19789723	0.999348746	-0.446922346	-1.008665607	0.120892893
413	0.905989981	-0.950301104	-0.561585514	-0.655453201	0.999348746	0.446922346	0.117286699	1.410417079
414	-0.512081293	0.440383438	-1.123171028	0.971878885	-0.999348746	-0.446922346	1.243239004	0.120892893
415	2.040447	-1.784711829	-0.561585514	-1.469119244	0.999348746	-1.340767038	-1.008665607	0.765654986
416	-0.039390869	-0.115890379	2.246342056	-1.19789723	0.999348746	0.446922346	-1.759300478	-1.813393388
417	-0.228467039	0.16224653	-1.684756542	0.971878885	-0.999348746	0.446922346	-1.008665607	0.765654986
418	-1.173847888	1.274794164	0.561585514	0.971878885	-0.999348746	-1.340767038	-1.008665607	1.410417079
419	0.905989981	-0.950301104	-0.561585514	-0.655453201	0.999348746	1.340767038	1.243239004	0.765654986
420	-0.228467039	0.16224653	-1.684756542	0.971878885	-0.999348746	0.446922346	0.117286699	-1.168631294
421	-1.173847888	1.274794164	0.561585514	0.971878885	-0.999348746	-0.446922346	1.243239004	1.410417079
422	1.284142321	-1.228438012	0	-1.19789723	0.999348746	-0.446922346	0.117286699	0.765654986
423	-0.228467039	0.16224653	-1.684756542	0.971878885	-0.999348746	0.446922346	1.243239004	0.120892893
424	-1.362924058	1.552931072	1.123171028	0.971878885	-0.999348746	1.340767038	1.243239004	0.120892893
425	0.244223386	-0.394027287	0.561585514	-0.655453201	0.999348746	1.340767038	1.243239004	0.120892893
426	0.244223386	-0.394027287	0.561585514	-0.655453201	0.999348746	-1.340767038	-1.008665607	0.765654986
427	-0.701157463	0.718520347	-0.561585514	0.971878885	-0.999348746	0.446922346	-1.759300478	-1.813393388
428	-0.512081293	0.440383438	-1.123171028	0.971878885	-0.999348746	-1.340767038	0.117286699	0.765654986
429	1.284142321	-1.228438012	0	-1.19789723	0.999348746	0.446922346	0.117286699	0.120892893
430	2.040447	-1.784711829	-0.561585514	-1.469119244	0.999348746	0.446922346	1.243239004	-1.168631294
431	-1.173847888	1.274794164	0.561585514	0.971878885	-0.999348746	-0.446922346	1.243239004	-1.168631294
432	0.527837641	-0.672164195	0	-0.655453201	0.999348746	-0.446922346	-1.759300478	-1.813393388
433	-0.701157463	0.718520347	-0.561585514	0.971878885	-0.999348746	-0.446922346	-1.008665607	-0.523869201
434	1.284142321	-1.228438012	0	-1.19789723	0.999348746	-1.340767038	1.243239004	1.410417079
435	2.040447	-1.784711829	-0.561585514	-1.469119244	0.999348746	1.340767038	1.243239004	-1.168631294
436	0.905989981	-0.950301104	-0.561585514	-0.655453201	0.999348746	0.446922346	1.243239004	1.410417079
437	-0.039390869	-0.115890379	2.246342056	-1.19789723	0.999348746	-1.340767038	0.117286699	0.120892893
438	-0.228467039	0.16224653	-1.684756542	0.971878885	-0.999348746	-0.446922346	-1.008665607	-1.168631294
439	-0.701157463	0.718520347	-0.561585514	0.971878885	-0.999348746	-0.446922346	-1.008665607	1.410417079
440	-0.984771718	0.996657255	0	0.971878885	-0.999348746	-1.340767038	1.243239004	-0.523869201
441	0.905989981	-0.950301104	-0.561585514	-0.655453201	0.999348746	-0.446922346	-1.759300478	-1.813393388
442	-1.173847888	1.274794164	0.561585514	0.971878885	-0.999348746	0.446922346	-1.008665607	-1.168631294
443	1.284142321	-1.228438012	0	-1.19789723	0.999348746	0.446922346	1.243239004	1.410417079
444	-1.173847888	1.274794164	0.561585514	0.971878885	-0.999348746	-0.446922346	0.117286699	-1.168631294
445	0.527837641	-0.672164195	0	-0.655453201	0.999348746	-1.340767038	1.243239004	-1.168631294
446	1.284142321	-1.228438012	0	-1.19789723	0.999348746	1.340767038	-1.008665607	0.765654986
447	-1.173847888	1.274794164	0.561585514	0.971878885	-0.999348746	-1.340767038	0.117286699	1.410417079
448	-1.362924058	1.552931072	1.123171028	0.971878885	-0.999348746	-1.340767038	-1.008665607	-0.523869201
449	-0.701157463	0.718520347	-0.561585514	0.971878885	-0.999348746	0.446922346	0.117286699	1.410417079
450	-1.173847888	1.274794164	0.561585514	0.971878885	-0.999348746	0.446922346	1.243239004	0.765654986
451	-0.701157463	0.718520347	-0.561585514	0.971878885	-0.999348746	-1.340767038	-1.008665607	-0.523869201
452	0.527837641	-0.672164195	0	-0.655453201	0.999348746	-0.446922346	1.243239004	-1.168631294
453	1.284142321	-1.228438012	0	-1.19789723	0.999348746	1.340767038	-1.008665607	0.120892893
454	0.244223386	-0.394027287	0.561585514	-0.655453201	0.999348746	-1.340767038	1.243239004	1.410417079
455	-0.984771718	0.996657255	0	0.971878885	-0.999348746	1.340767038	0.117286699	1.410417079
456	0.527837641	-0.672164195	0	-0.655453201	0.999348746	0.446922346	0.117286699	0.120892893
457	0.905989981	-0.950301104	-0.561585514	-0.655453201	0.999348746	-1.340767038	0.117286699	-0.523869201
458	-1.173847888	1.274794164	0.561585514	0.971878885	-0.999348746	1.340767038	1.243239004	0.765654986
459	-0.984771718	0.996657255	0	0.971878885	-0.999348746	-1.340767038	0.117286699	0.765654986
460	-0.701157463	0.718520347	-0.561585514	0.971878885	-0.999348746	-1.340767038	0.117286699	1.410417079
461	-1.362924058	1.552931072	1.123171028	0.971878885	-0.999348746	-1.340767038	0.117286699	0.765654986
462	2.040447	-1.784711829	-0.561585514	-1.469119244	0.999348746	-0.446922346	1.243239004	0.765654986
463	-1.362924058	1.552931072	1.123171028	0.971878885	-0.999348746	-0.446922346	-1.008665607	0.765654986
464	-0.228467039	0.16224653	-1.684756542	0.971878885	-0.999348746	0.446922346	-1.008665607	1.410417079
465	-0.039390869	-0.115890379	2.246342056	-1.19789723	0.999348746	-0.446922346	0.117286699	-1.168631294
466	0.244223386	-0.394027287	0.561585514	-0.655453201	0.999348746	-1.340767038	1.243239004	0.120892893
467	-0.228467039	0.16224653	-1.684756542	0.971878885	-0.999348746	-0.446922346	-1.008665607	0.120892893
468	-0.984771718	0.996657255	0	0.971878885	-0.999348746	-1.340767038	-1.008665607	-1.168631294
469	-1.173847888	1.274794164	0.561585514	0.971878885	-0.999348746	1.340767038	-1.008665607	0.120892893
470	-1.362924058	1.552931072	1.123171028	0.971878885	-0.999348746	1.340767038	-1.008665607	-1.168631294
471	0.244223386	-0.394027287	0.561585514	-0.655453201	0.999348746	-1.340767038	1.243239004	-0.523869201
472	-1.173847888	1.274794164	0.561585514	0.971878885	-0.999348746	1.340767038	-1.008665607	0.765654986
473	1.284142321	-1.228438012	0	-1.19789723	0.999348746	0.446922346	-1.008665607	1.410417079
474	0.244223386	-0.394027287	0.561585514	-0.655453201	0.999348746	-1.340767038	0.117286699	-1.168631294
475	-0.984771718	0.996657255	0	0.971878885	-0.999348746	0.446922346	1.243239004	0.120892893
476	-0.228467039	0.16224653	-1.684756542	0.971878885	-0.999348746	-0.446922346	1.243239004	0.765654986
477	1.284142321	-1.228438012	0	-1.19789723	0.999348746	-1.340767038	1.243239004	0.120892893
478	-0.039390869	-0.115890379	2.246342056	-1.19789723	0.999348746	-0.446922346	-1.008665607	0.120892893
479	-0.984771718	0.996657255	0	0.971878885	-0.999348746	1.340767038	-1.759300478	-1.813393388
480	-1.362924058	1.552931072	1.123171028	0.971878885	-0.999348746	0.446922346	1.243239004	-1.168631294
481	0.244223386	-0.394027287	0.561585514	-0.655453201	0.999348746	-0.446922346	0.117286699	0.120892893
482	0.905989981	-0.950301104	-0.561585514	-0.655453201	0.999348746	1.340767038	1.243239004	-1.168631294
483	1.284142321	-1.228438012	0	-1.19789723	0.999348746	1.340767038	0.117286699	0.120892893
484	0.527837641	-0.672164195	0	-0.655453201	0.999348746	-0.446922346	0.117286699	-1.168631294
485	0.905989981	-0.950301104	-0.561585514	-0.655453201	0.999348746	0.446922346	0.117286699	0.765654986
486	-0.228467039	0.16224653	-1.684756542	0.971878885	-0.999348746	-1.340767038	-1.008665607	0.120892893
487	0.527837641	-0.672164195	0	-0.655453201	0.999348746	-0.446922346	1.243239004	0.120892893
488	-1.362924058	1.552931072	1.123171028	0.971878885	-0.999348746	0.446922346	-1.008665607	1.410417079
489	0.527837641	-0.672164195	0	-0.655453201	0.999348746	-0.446922346	0.117286699	1.410417079
490	0.527837641	-0.672164195	0	-0.655453201	0.999348746	-1.340767038	-1.008665607	0.765654986
491	-0.512081293	0.440383438	-1.123171028	0.971878885	-0.999348746	0.446922346	0.117286699	1.410417079
492	2.040447	-1.784711829	-0.561585514	-1.469119244	0.999348746	1.340767038	1.243239004	-0.523869201
493	-0.984771718	0.996657255	0	0.971878885	-0.999348746	-1.340767038	-1.759300478	-1.813393388
494	-0.228467039	0.16224653	-1.684756542	0.971878885	-0.999348746	1.340767038	-1.008665607	-1.168631294
495	0.527837641	-0.672164195	0	-0.655453201	0.999348746	-1.340767038	0.117286699	0.765654986
496	0.905989981	-0.950301104	-0.561585514	-0.655453201	0.999348746	-0.446922346	1.243239004	-0.523869201
497	-0.701157463	0.718520347	-0.561585514	0.971878885	-0.999348746	1.340767038	1.243239004	0.120892893
498	2.040447	-1.784711829	-0.561585514	-1.469119244	0.999348746	1.340767038	-1.008665607	1.410417079
499	0.527837641	-0.672164195	0	-0.655453201	0.999348746	-1.340767038	0.117286699	0.120892893
500	-0.984771718	0.996657255	0	0.971878885	-0.999348746	1.340767038	1.243239004	-0.523869201
;

# Y response
param Y :=
1	0.722760953
2	-0.53192234
3	-1.07898804
4	2.00122971
5	-1.10673775
6	0.393728683
7	0.666270473
8	-0.763830626
9	-1.13547852
10	0.5790571
11	0.690055938
12	0.981427887
13	1.403619896
14	-0.762839565
15	1.360013209
16	1.736616409
17	0.914035736
18	-1.107728811
19	0.665279412
20	-0.532913401
21	0.749519601
22	0.626628031
23	-0.922400394
24	1.258924982
25	-1.188004756
26	0.7673587
27	-0.577511148
28	-0.38128106
29	-0.74896471
30	0.413549904
31	-1.077005918
32	1.326317133
33	-0.753920015
34	-1.052229392
35	0.160829336
36	-0.356504533
37	0.142990237
38	0.889259209
39	-1.166201413
40	0.716814586
41	-0.708331207
42	0.12713326
43	-1.15430868
44	-0.936275249
45	0.262908624
46	0.981427887
47	0.724743075
48	-0.778696542
49	-0.763830626
50	0.98440107
51	-1.152326558
52	1.638501365
53	1.924918009
54	1.884284506
55	0.752492784
56	0.190561168
57	-1.109710933
58	-1.153317619
59	-0.708331207
60	-1.011595889
61	0.454183407
62	-1.152326558
63	0.949713934
64	-1.140433826
65	-0.802482007
66	-1.104755628
67	1.071614443
68	-0.951141165
69	-1.358467257
70	0.196507534
71	1.83175827
72	1.302531668
73	-1.535867186
74	0.754474906
75	-0.561654171
76	-0.772750175
77	0.565182245
78	0.582030283
79	-1.068086369
80	-0.929337822
81	-0.784642908
82	-0.411012891
83	-0.845097632
84	0.671225778
85	-1.08790759
86	-0.27821071
87	-1.156290803
88	-1.611187826
89	-0.816356862
90	-0.314879969
91	-0.938257371
92	1.459119314
93	-0.31587103
94	-1.507126415
95	-0.563636293
96	0.398683988
97	0.5790571
98	-0.590394942
99	0.999266986
100	1.466056742
101	1.947712413
102	-0.979881935
103	0.027036094
104	-0.99375679
105	0.620681664
106	-0.474440799
107	0.604824687
108	1.041882611
109	-0.581475392
110	-0.944203737
111	0.649422435
112	1.335236683
113	-1.145389131
114	-0.703375902
115	0.057758987
116	1.4264143
117	1.027016696
118	0.384809134
119	1.437315971
120	1.044855795
121	0.944758628
122	1.451190826
123	-0.379298938
124	-0.523993851
125	-0.556698866
126	-0.706349085
127	-0.684545742
128	-0.716259695
129	-1.61515207
130	-0.855008243
131	0.170739946
132	-1.018533316
133	-1.110701994
134	0.972508338
135	-1.099800323
136	-0.276228588
137	-1.181067329
138	-0.769776992
139	-0.904561295
140	0.200471778
141	1.413530506
142	1.861490102
143	-0.715268634
144	-1.152326558
145	-1.531902941
146	-0.761848504
147	1.043864734
148	-0.75788426
149	-0.828249594
150	-0.782660786
151	-0.762839565
152	0.967553033
153	-0.905552356
154	-0.93726631
155	-0.829240655
156	-0.82428535
157	-1.098809262
158	0.960615605
159	-0.904561295
160	0.304533189
161	-0.752928954
162	-0.438762601
163	-0.732116672
164	0.048839437
165	-0.837169144
166	1.041882611
167	1.008186536
168	0.725734136
169	1.01215078
170	-1.149353375
171	1.611742717
172	-1.104755628
173	1.086480359
174	-0.768785931
175	-0.955105409
176	0.151909786
177	-1.0036674
178	1.408575201
179	-1.183049451
180	-1.143407009
181	-0.690492108
182	0.991338498
183	-0.79554458
184	-0.694456352
185	1.793106889
186	0.573110734
187	1.043864734
188	-0.728152428
189	-1.175120963
190	-0.669679826
191	0.600860443
192	0.061723231
193	0.170739946
194	-0.708331207
195	1.734634287
196	0.630592275
197	-0.959069653
198	1.03098094
199	0.569146489
200	0.619690603
201	0.2024539
202	-1.373333173
203	-0.69247423
204	0.204436022
205	0.468058262
206	1.31343334
207	1.451190826
208	-1.019524377
209	-0.75788426
210	-0.791580335
211	1.362986392
212	0.629601214
213	0.750510662
214	-0.945194798
215	0.15488297
216	1.442271277
217	-0.690492108
218	-0.957087531
219	-0.991774668
220	-0.965016019
221	-0.669679826
222	-0.54183295
223	0.571128612
224	0.468058262
225	-0.76779487
226	-0.286139199
227	-0.489306714
228	0.365978974
229	0.554280574
230	0.745555357
231	-0.083962744
232	0.402648233
233	1.346138354
234	-0.75788426
235	-1.054211514
236	-0.783651847
237	-0.512101119
238	1.764366119
239	1.685081234
240	1.341183049
241	0.198489656
242	-0.683554681
243	-0.708331207
244	1.736616409
245	0.226239365
246	0.65437774
247	-1.002676339
248	1.753464447
249	0.171731008
250	-0.753920015
251	0.966561971
252	-1.205843855
253	-0.706349085
254	-0.948167982
255	0.2024539
256	-0.70139378
257	0.623654847
258	-0.994747851
259	1.892212994
260	-0.963033897
261	1.619671205
262	0.303542127
263	-0.559672049
264	-0.758875321
265	1.028007757
266	-1.088898651
267	-0.789598213
268	1.031972001
269	-1.009613767
270	-0.965016019
271	1.750491264
272	0.047848376
273	1.433351727
274	1.446235521
275	-0.695447413
276	-0.922400394
277	-1.204852794
278	0.569146489
279	1.453172948
280	1.083507176
281	-0.509127935
282	-1.005649523
283	-1.052229392
284	0.191552229
285	-0.500208386
286	-0.762839565
287	1.809954927
288	0.926919529
289	0.973499399
290	-0.539850828
291	1.000258047
292	-0.773741236
293	-0.669679826
294	-0.581475392
295	-0.950150104
296	-1.002676339
297	0.991338498
298	1.830767209
299	1.353075782
300	-1.104755628
301	2.027988358
302	1.427405361
303	0.702939732
304	0.670234717
305	-1.102773506
306	1.382807613
307	-0.991774668
308	1.64345667
309	-0.929337822
310	-0.570573721
311	-0.511110058
312	0.293631517
313	-1.174129901
314	-0.994747851
315	-1.184040512
316	-1.164219291
317	0.714832464
318	-0.971953447
319	1.413530506
320	1.281719386
321	-0.763830626
322	0.630592275
323	-0.712295451
324	0.225248304
325	-0.807437312
326	0.31543486
327	-0.769776992
328	0.45616553
329	-1.076014857
330	0.991338498
331	1.000258047
332	-0.790589274
333	-0.922400394
334	-0.80545519
335	-0.763830626
336	1.686072295
337	0.632574397
338	0.983410009
339	0.314443799
340	-1.072050613
341	-0.56958266
342	1.795089011
343	-0.321817397
344	-0.946185859
345	0.762403395
346	1.73760747
347	-0.940239493
348	-0.339656495
349	-0.145408529
350	0.998275925
351	2.000238649
352	0.733662624
353	0.336247142
354	-1.167192474
355	-1.07898804
356	-1.086916529
357	0.398683988
358	-0.771759114
359	0.709877159
360	-0.929337822
361	-0.944203737
362	-0.989792546
363	0.581039222
364	0.307506372
365	-0.70139378
366	-1.061148942
367	1.658322586
368	0.672216839
369	-1.109710933
370	1.252978616
371	-0.548770377
372	-0.530931279
373	-0.752928954
374	-0.526967034
375	1.882302384
376	2.025015175
377	-0.82428535
378	0.924937407
379	0.178668435
380	0.5790571
381	-0.975917691
382	1.086480359
383	-0.715268634
384	-1.150344436
385	-0.929337822
386	-0.806446251
387	0.638520763
388	0.926919529
389	0.190561168
390	1.742562775
391	-0.571564782
392	-0.791580335
393	-0.925373577
394	-0.695447413
395	-1.165210352
396	1.330281378
397	-0.990783607
398	-0.476422921
399	0.749519601
400	0.625636969
401	1.772294607
402	0.302551066
403	-0.379298938
404	0.711859281
405	-0.959069653
406	-0.734098794
407	-0.781669725
408	0.972508338
409	0.630592275
410	-0.931319944
411	0.99332062
412	0.664288351
413	0.594914077
414	-0.820321106
415	0.205427083
416	0.244078464
417	-1.212781283
418	-0.708331207
419	1.034945184
420	-0.980872996
421	-0.408039708
422	0.929892713
423	-0.813383678
424	-0.551743561
425	1.959605146
426	1.442271277
427	-1.53983143
428	-0.985828302
429	1.028007757
430	1.009177597
431	-0.292085565
432	-0.48534247
433	-1.075023796
434	1.324335011
435	1.013141841
436	0.873402233
437	1.356048965
438	-1.177103085
439	-1.10673775
440	-0.690492108
441	-0.233612963
442	-0.68256362
443	1.230184211
444	-0.491288836
445	0.685100633
446	0.741591113
447	-0.552734622
448	-0.934293127
449	-1.0036674
450	-0.327763763
451	-1.076014857
452	0.753483845
453	0.668252595
454	1.962578329
455	-0.920418272
456	0.303542127
457	0.696993365
458	-0.34362074
459	-0.927355699
460	-0.97492663
461	-0.790589274
462	1.027016696
463	-0.91843615
464	-1.186022634
465	1.36992382
466	1.87833814
467	-1.186022634
468	-1.053220453
469	-0.688509986
470	-0.920418272
471	1.91599846
472	-0.708331207
473	0.567164367
474	1.621653327
475	-0.751937893
476	-0.775723358
477	1.182613281
478	1.08747142
479	-1.507126415
480	-0.512101119
481	1.589939373
482	0.89025027
483	0.989356376
484	0.491843727
485	0.671225778
486	-1.181067329
487	0.72969838
488	-0.942221615
489	0.283720906
490	0.147945542
491	-0.996729973
492	1.031972001
493	-1.499197927
494	-1.181067329
495	0.332282898
496	1.033954123
497	-0.815365801
498	0.193534351
499	0.237141037
500	-0.694456352
;





