
                                                                                  
                   EMPLOYED, UNEMPLOYED, AND RATE OF UNEMPLOYMENT                 
                                BY PLACE OF RESIDENCE                             
                FOR NEW YORK STATE AND MAJOR LABOR AREAS, MAY 2011                
                   (Numbers in thousands, not seasonally adjusted)                
-----------------------------------------------------------------------------     
              |          EMPLOYED        |    UNEMPLOYED      | UNEMP. RATE       
AREA/COUNTY   |   MAY  |   APR  |   MAY  |  MAY |  APR |  MAY | MAY| APR| MAY     
              |  2011  |  2011  |  2010  | 2011 | 2011 | 2010 |2011|2011|2010     
-----------------------------------------------------------------------------     
UNITED STATES  140028.0 139661.0 139497.0  13421  13237  14369  8.7  8.7  9.3     
NEW YORK STATE   8802.1   8763.1   8815.6  740.8  725.8  799.5  7.8  7.6  8.3     

NEW YORK CITY    3637.1   3637.1   3621.3  342.5  328.9  372.5  8.6  8.3  9.3     
 BRONX            475.6    475.6    473.5   63.2   61.4   66.9 11.7 11.4 12.4     
 KINGS           1021.4   1021.4   1017.0  105.2  101.6  113.1  9.3  9.1 10.0     
 NEW YORK         863.8    863.8    860.0   66.5   62.5   74.5  7.1  6.7  8.0     
 QUEENS          1047.5   1047.6   1043.0   88.2   84.6   97.1  7.8  7.5  8.5     
 RICHMOND         228.7    228.8    227.8   19.4   18.7   20.9  7.8  7.6  8.4     

PUT-ROCK-WEST     635.7    628.9    638.0   43.3   42.1   47.6  6.4  6.3  6.9     
 PUTNAM            50.4     49.8     50.6    3.5    3.4    3.7  6.5  6.4  6.8     
 ROCKLAND         140.6    139.1    141.1    9.4    8.9   10.5  6.2  6.0  7.0     
 WESTCHESTER      444.7    440.0    446.3   30.5   29.7   33.4  6.4  6.3  7.0     

NASSAU-SUFFOLK   1357.7   1353.7   1367.6   98.1   95.7  104.6  6.7  6.6  7.1     
 NASSAU           635.0    633.1    639.6   44.1   42.3   47.8  6.5  6.3  7.0     
 SUFFOLK          722.8    720.6    728.0   53.9   53.4   56.8  6.9  6.9  7.2     

ALB-SCHEN-TROY    410.7    407.7    417.8   29.9   29.6   31.5  6.8  6.8  7.0     
 ALBANY           143.0    141.9    145.5   10.4   10.1   10.7  6.8  6.7  6.8     
 RENSSELAER        75.0     74.4     76.3    5.7    5.5    6.1  7.0  6.8  7.4     
 SARATOGA         110.3    109.5    112.2    7.3    7.3    7.8  6.2  6.2  6.5     
 SCHENECTADY       68.7     68.2     69.9    5.3    5.3    5.6  7.2  7.2  7.4     
 SCHOHARIE         13.7     13.6     13.9    1.2    1.4    1.3  8.3  9.1  8.7     

BINGHAMTON        111.4    111.3    111.6    9.2    9.4   10.1  7.6  7.8  8.3     
 BROOME            87.8     87.6     87.9    7.4    7.6    8.2  7.8  8.0  8.6     
 TIOGA             23.6     23.6     23.7    1.8    1.8    1.9  6.9  7.1  7.4     

BUFFALO-NIAGARA   529.8    524.4    529.9   42.8   42.8   46.8  7.5  7.6  8.1     
 ERIE             427.8    423.4    427.9   34.3   33.9   36.9  7.4  7.4  7.9     
 NIAGARA          102.0    101.0    102.0    8.5    9.0    9.9  7.7  8.1  8.8     

ELMIRA (CHEMUNG)   37.4     37.1     37.2    3.0    3.0    3.5  7.5  7.4  8.5     

GLENS FALLS        61.0     59.1     63.2    5.0    5.3    5.2  7.6  8.2  7.5     
 WARREN            32.1     31.1     33.3    2.7    2.9    2.8  7.9  8.6  7.7     
 WASHINGTON        28.8     27.9     29.9    2.3    2.3    2.4  7.3  7.7  7.3     

ITHACA (TOMPKINS)  54.3     54.5     54.2    3.1    3.1    3.2  5.4  5.3  5.6     

KINGSTON (ULSTER)  80.4     80.2     82.0    6.8    6.6    7.0  7.8  7.7  7.9     

POUGH-NEWB-MDLT   294.7    292.3    296.5   23.6   23.2   25.3  7.4  7.4  7.9     
 DUTCHESS         131.3    130.3    132.1   10.4   10.2   11.0  7.4  7.3  7.7     
 ORANGE           163.3    162.0    164.3   13.2   13.0   14.3  7.5  7.4  8.0     

ROCHESTER         491.1    486.9    484.5   37.8   37.8   41.1  7.1  7.2  7.8     
 LIVINGSTON        29.5     29.3     29.1    2.3    2.5    2.6  7.2  7.9  8.2     
 MONROE           347.1    344.1    342.4   26.4   25.7   28.8  7.1  7.0  7.8     
 ONTARIO           53.0     52.5     52.3    3.8    4.0    4.0  6.6  7.1  7.0     
 ORLEANS           17.6     17.5     17.4    1.6    1.6    1.7  8.2  8.5  9.0     
 WAYNE             43.9     43.5     43.3    3.8    4.0    4.0  7.9  8.3  8.4     

SYRACUSE          295.3    297.4    297.7   24.6   24.5   26.6  7.7  7.6  8.2     
 MADISON           32.3     32.5     32.6    2.7    2.9    2.7  7.7  8.2  7.6     
 ONONDAGA         210.3    211.7    211.9   16.4   16.0   18.1  7.2  7.0  7.9     
 OSWEGO            52.7     53.1     53.2    5.5    5.7    5.9  9.4  9.7  9.9     

UTICA-ROME        128.6    126.5    130.3   10.6   10.8   10.4  7.6  7.8  7.4     
 HERKIMER          28.1     27.7     28.5    2.5    2.7    2.5  8.1  8.8  8.1     
 ONEIDA           100.5     98.9    101.8    8.1    8.1    7.9  7.5  7.6  7.2     
-----------------------------------------------------------------------------     
Note: Data are subject to revision. Detail may not add to totals due to rounding. 
Source: New York State Department of Labor, Division of Research and Statistics,  
518-457-3800.                                                                     
















                                                                                  
                   EMPLOYED, UNEMPLOYED, AND RATE OF UNEMPLOYMENT                 
                                BY PLACE OF RESIDENCE                             
                FOR NEW YORK STATE AND MAJOR LABOR AREAS, MAY 2011                
                   (Numbers in thousands, not seasonally adjusted)                
-----------------------------------------------------------------------------     
              |          EMPLOYED        |    UNEMPLOYED      | UNEMP. RATE       
AREA/COUNTY   |   MAY  |   APR  |   MAY  |  MAY |  APR |  MAY | MAY| APR| MAY     
              |  2011  |  2011  |  2010  | 2011 | 2011 | 2010 |2011|2011|2010     
-----------------------------------------------------------------------------     
ALLEGANY           21.4     22.0     21.6    2.0    2.1    2.2  8.7  8.8  9.1     
CATTARAUGUS        37.3     37.0     37.7    3.3    3.5    3.6  8.2  8.7  8.7     
CAYUGA             37.6     37.0     37.9    2.9    3.0    3.2  7.3  7.5  7.9     

CHAUTAUQUA         58.3     56.8     59.2    4.7    4.8    5.5  7.4  7.8  8.5     
CHENANGO           22.3     21.9     22.1    1.9    2.0    2.1  7.9  8.2  8.6     
CLINTON            35.1     34.5     35.3    3.7    3.7    3.9  9.5  9.7  9.9     

COLUMBIA           27.8     27.5     28.9    2.1    2.2    2.2  7.1  7.3  7.2     
CORTLAND           21.8     21.8     21.8    1.8    1.9    2.0  7.6  8.1  8.4     
DELAWARE           19.9     19.6     20.3    1.7    1.8    1.8  7.8  8.2  8.1     

ESSEX              16.0     15.5     16.0    1.5    1.7    1.6  8.7  9.9  9.0     
FRANKLIN           20.5     20.2     20.7    1.9    2.0    2.0  8.5  9.2  8.7     
FULTON             24.0     23.8     24.6    2.6    2.6    2.6  9.6  9.9  9.6     

GENESEE            30.7     29.7     30.8    2.2    2.3    2.3  6.7  7.1  7.0     
GREENE             21.6     21.1     21.8    2.0    2.0    2.0  8.3  8.5  8.5     
HAMILTON            2.6      2.5      2.7    0.2    0.3    0.2  8.3 10.0  8.2     

JEFFERSON          46.0     44.2     45.9    4.5    4.9    4.4  9.0 10.0  8.7     
LEWIS              11.2     11.1     11.5    1.1    1.2    1.0  9.1  9.9  8.2     
MONTGOMERY         21.3     21.1     21.8    2.2    2.2    2.2  9.3  9.5  9.3     

OTSEGO             29.3     28.5     29.4    2.2    2.3    2.2  6.9  7.4  6.9     
ST. LAWRENCE       44.1     43.6     44.5    4.9    5.0    4.9  9.9 10.4 10.0     
SCHUYLER            9.2      8.9      9.3    0.7    0.8    0.8  7.5  8.4  7.7     

SENECA             16.0     15.8     15.7    1.2    1.2    1.3  7.0  7.2  7.5     
STEUBEN            40.8     40.5     41.0    3.9    4.0    4.4  8.8  9.1  9.7     
SULLIVAN           31.4     30.8     31.7    2.9    3.0    3.0  8.5  8.8  8.8     

WYOMING            18.7     18.5     18.9    1.5    1.7    1.8  7.5  8.4  8.7     
YATES              12.2     12.3     12.6    0.9    0.9    0.8  6.5  6.6  6.2     
-----------------------------------------------------------------------------     
Note: Data are subject to revision. Detail may not add to totals due to rounding. 
Source: New York State Department of Labor, Division of Research and Statistics,  
518-457-3800.                                                                     
